"TOA5","GCREW_MET","CR1000","85321","CR1000.Std.31.03","CPU:GCREW_METv5.CR1","24578","GCREW_MET_15min"
"TIMESTAMP","RECORD","Statname","Rain_in_Tot","Rain_cm_Tot","AirTC_Avg","RH","CleanRH","VP","VPD","SVP","Barometric_Pressure_PB110B","Barometric_Pressure_PB110B_Avg","SlrW_Avg","SlrMJ_Tot","PAR_Den_C_Avg","PAR_Tot_C_Tot","Temp10cm_Avg","Temp25cm_Avg","Temp90cm_Avg","Above75cm_plate_Avg","Aquatroll_ID(2)","Depth","Temperature","Actual_Conductivity","Specific_Conductivity","Salinity","TDS","Water_Density","Pressure","Resistivity","WindDir_RM_Avg","WindDir_RM","WS_ms_RM_Max","WS_ms_RM_Min","WS_ms_RM_Avg","WS_ms_RM","WindDir_WS_Avg","WindDir_WS","WS_ms_WS_Max","WS_ms_WS_Min","WS_ms_WS_Avg","WS_ms_WS"
"TS","RN","","inch","cm","°C","%","%","kPa","Pa","Pa","mbar","mbar","W/m²","MJ/m²","micromols/s/m^2","mmol/m^2second","C","C","C","C","","cm","C","uS/cm","uS/cm","PSU","ppt","g/cm3","PSI","ohm-cm","degrees","degrees","m/s","m/s","m/s","m/s","degrees","degrees","m/s","m/s","m/s","m/s"
"","","Smp","Tot","Tot","Avg","Smp","Smp","Smp","Smp","Smp","Smp","Avg","Avg","Tot","Avg","Tot","Avg","Avg","Avg","Avg","Smp","Smp","Smp","Smp","Smp","Smp","Smp","Smp","Smp","Smp","Avg","Smp","Max","Min","Avg","Smp","Avg","Smp","Max","Min","Avg","Smp"
"2026-09-30 23:45:00",183761,"NAN",0,0,16.75,100,100,1.9173,4.123355E-05,4.350843,1019.266,1019.344,0.136,0.001,0,0,19.3,18.82,18.67,"NAN","213IN-SITU AT200 204000",62.1557,19.06971,16714.05,18849.06,11.29764,12.25189,1.00698,0.89182,59.83556,280.1588,352.2738,0,0,0,0,237.5611,260,0.39,0,0.1657778,0
"2026-10-01 00:00:00",183762,"NAN",0,0,16.83,100,100,1.925623,3.696419E-05,4.367297,1019.348,1019.348,0.087,0,0,0,19.32,18.83,18.67,"NAN","213IN-SITU AT200 204000",61.83355,19.07007,16701.24,18834.47,11.28815,12.2424,1.006981,0.886581,59.82588,352.3098,352.3467,0,0,0,0,252.2556,303,0.32,0.01,0.1645555,0.23
"2026-10-01 00:15:00",183763,"NAN",0,0,16.89,100.1,100,1.933939,0,4.383637,1019.263,1019.357,0.081,0,0,0,19.32,18.82,18.67,"NAN","213IN-SITU AT200 204000",61.47856,19.07042,16705.41,18839.02,11.29111,12.24536,1.006975,0.881881,59.86489,352.3176,352.3686,0,0,0,0,229.1778,143,0.34,0.02,0.1767222,0.24
"2026-10-01 00:30:00",183764,"NAN",0,0,16.86,100,100,1.917361,1.089212E-05,4.350939,1019.187,1019.313,0.056,0,0,0,19.33,18.83,18.67,"NAN","213IN-SITU AT200 204000",61.1464,19.07147,16704.25,18837.28,11.29,12.24423,1.006974,0.87794,59.86379,352.3272,352.3004,0,0,0,0,252.5333,323,0.3,0.01,0.1413889,0.1
"2026-10-01 00:45:00",183765,"NAN",0,0,16.89,100,100,1.925694,1.561906E-06,4.367407,1019.188,1019.306,0.059,0,0,0,19.34,18.83,18.67,"NAN","213IN-SITU AT200 204000",60.90341,19.07208,16709.84,18843.35,11.29396,12.24818,1.006975,0.873094,59.85633,299.754,211.7776,0,0,0,0,225.8389,195,0.53,0.01,0.2435555,0.27
"2026-10-01 01:00:00",183766,"NAN",0,0,16.89,100,100,1.916941,0.0002178098,4.350287,1018.999,1019.073,0.073,0,0,0,19.34,18.83,18.66,"NAN","213IN-SITU AT200 204000",60.59263,19.0726,16709.87,18843.17,11.29384,12.24806,1.006975,0.868627,59.85596,276.2624,331.4459,0,0,0,0,221.6667,345,0.35,0,0.1482222,0.14
"2026-10-01 01:15:00",183767,"NAN",0,0,16.84,100,100,1.917135,0,4.350481,1019.006,1019.038,0.019,0,0,0,19.35,18.84,18.66,"NAN","213IN-SITU AT200 204000",60.39914,19.0733,16707.94,18840.71,11.29225,12.24646,1.006976,0.865783,59.84849,324.4626,321.2371,0,0,0,0,251.9,219,0.44,0.03,0.1917222,0.14
"2026-10-01 01:30:00",183768,"NAN",0,0,16.83,100,100,1.908699,0.0001976152,4.333898,1018.838,1018.886,0.11,0.001,0.007,0,19.35,18.84,18.66,"NAN","213IN-SITU AT200 204000",60.16305,19.07443,16706.7,18838.85,11.29105,12.24525,1.006955,0.862904,59.98045,314.4829,316.9986,0,0,0,0,248.4944,308,0.34,0.08,0.2046666,0.34
"2026-10-01 01:45:00",183769,"NAN",0,0,16.74,100,100,1.900439,0.0002022681,4.317425,1018.755,1018.804,0.081,0,0,0,19.35,18.84,18.66,"NAN","213IN-SITU AT200 204000",59.98115,19.07497,16704.43,18836.07,11.28925,12.24344,1.006973,0.860265,59.85937,308.3224,312.5935,0,0,0,0,258.1889,312,0.49,0.04,0.2557778,0.49
"2026-10-01 02:00:00",183770,"NAN",0,0,16.65,100,100,1.883974,0.0002298326,4.284391,1019.243,1018.801,0.148,0.001,0,0,19.36,18.85,18.66,"NAN","213IN-SITU AT200 204000",59.80243,19.07523,16705.06,18836.68,11.28965,12.24384,1.006979,0.857109,59.82608,284.9044,297.7072,0.2548,0,0.01219555,0,260.2389,283,0.64,0.13,0.3731111,0.32
"2026-10-01 02:15:00",183771,"NAN",0,0,16.52,100.1,100,1.892579,0,4.301501,1018.858,1018.789,0.14,0.001,0,0,19.36,18.86,18.66,"NAN","213IN-SITU AT200 204000",59.6109,19.07628,16705.83,18837.12,11.28995,12.24413,1.006971,0.854652,59.87032,284.2869,250.3316,0.1176,0,0.0008711111,0,234.6944,278,0.56,0.13,0.2943889,0.16
"2026-10-01 02:30:00",183772,"NAN",0,0,16.41,100,100,1.860047,4.796801E-06,4.23563,1018.697,1018.686,0.16,0.001,0,0,19.36,18.86,18.66,"NAN","213IN-SITU AT200 204000",59.45976,19.07689,16699.78,18830.05,11.28536,12.23953,1.006973,0.852424,59.85996,290.8565,299.4171,0,0,0,0,281.8055,292,0.36,0,0.19,0.31
"2026-10-01 02:45:00",183773,"NAN",0,0,16.37,100,100,1.851868,6.186116E-05,4.218935,1018.608,1018.532,0.154,0.001,0,0,19.37,18.88,18.67,"NAN","213IN-SITU AT200 204000",59.30546,19.07759,16699.52,18829.48,11.28499,12.23916,1.006976,0.849589,59.84046,299.3677,290.9904,0,0,0,0,274.4389,300,0.5,0.13,0.3067222,0.21
"2026-10-01 03:00:00",183774,"NAN",0,0,16.26,100,100,1.835903,2.495054E-05,4.186005,1018.613,1018.566,0.129,0.001,0,0,19.36,18.88,18.67,"NAN","213IN-SITU AT200 204000",59.1737,19.07839,16702.59,18832.61,11.28704,12.2412,1.006984,0.847739,59.78454,300.8339,298.1571,0,0,0,0,275.35,249,0.48,0.07,0.2708889,0.17
"2026-10-01 03:15:00",183775,"NAN",0,0,16.15,100.1,100,1.835947,0,4.186073,1018.697,1018.571,0.154,0.001,0,0,19.35,18.87,18.66,"NAN","213IN-SITU AT200 204000",59.07717,19.07873,16709.08,18839.79,11.29172,12.24586,1.006974,0.845829,59.8442,307.7503,314.06,0.2352,0,0.0147,0,273.0333,258,0.64,0.06,0.3228889,0.24
"2026-10-01 03:30:00",183776,"NAN",0,0,15.98,100,100,1.788564,9.74351E-07,4.086724,1018.698,1018.555,0.143,0.001,0,0,19.34,18.87,18.65,"NAN","213IN-SITU AT200 204000",58.92856,19.07987,16710.25,18840.65,11.29229,12.24642,1.006977,0.844158,59.82781,214.9162,196.4087,0.2744,0,0.01382889,0,176.7111,139,0.68,0,0.2577222,0.18
"2026-10-01 03:45:00",183777,"NAN",0,0,15.79,100,100,1.780771,9.703954E-07,4.070133,1018.534,1018.507,0.133,0.001,0,0,19.34,18.88,18.65,"NAN","213IN-SITU AT200 204000",58.78417,19.08022,16717.4,18848.56,11.29745,12.25157,1.006975,0.84307,59.83801,191.9352,189.3656,0,0,0,0,171.4111,308,0.56,0.01,0.211,0.05
"2026-10-01 04:00:00",183778,"NAN",0,0,15.53,100,100,1.753731,9.565339E-07,4.011994,1018.698,1018.588,0.146,0.001,0,0,19.33,18.89,18.65,"NAN","213IN-SITU AT200 204000",58.68574,19.08101,16707.37,18836.93,11.28989,12.24401,1.006975,0.840793,59.83496,189.3821,189.3898,0,0,0,0,216.7333,329,0.26,0.01,0.1081111,0.26
"2026-10-01 04:15:00",183779,"NAN",0,0,15.54,100.1,100,1.788564,0,4.086724,1018.698,1018.659,0.147,0.001,0,0,19.33,18.9,18.66,"NAN","213IN-SITU AT200 204000",58.61824,19.08161,16709.43,18839.01,11.29125,12.24536,1.006977,0.839964,59.82053,184.9224,153.6901,0,0,0,0,211.7944,162,0.54,0.03,0.2451111,0.4
"2026-10-01 04:30:00",183780,"NAN",0,0,15.59,100,100,1.757572,9.585157E-07,4.020306,1018.616,1018.638,0.098,0.001,0,0,19.32,18.91,18.67,"NAN","213IN-SITU AT200 204000",58.50084,19.08241,16706.17,18835.02,11.28866,12.24276,1.006974,0.838789,59.83771,153.6602,153.6901,0,0,0,0,181.6333,181,0.46,0.01,0.1811666,0.12
"2026-10-01 04:45:00",183781,"NAN",0,0,15.52,100,100,1.757572,9.585157E-07,4.020306,1018.861,1018.653,0.107,0.001,0,0,19.31,18.91,18.66,"NAN","213IN-SITU AT200 204000",58.49583,19.08311,16709.97,18839.01,11.29127,12.24536,1.006974,0.837142,59.83648,151.8349,137.6676,0,0,0,0,214.8833,343,0.28,0.01,0.1313889,0.03
"2026-10-01 05:00:00",183782,"NAN",0,0,15.57,100,100,1.788564,0,4.086724,1018.861,1018.727,0.097,0.001,0,0,19.3,18.92,18.67,"NAN","213IN-SITU AT200 204000",58.56802,19.08346,16710.21,18839.15,11.29136,12.24545,1.006974,0.838543,59.83362,153.5164,229.0587,0,0,0,0,233.6,200,0.45,0.01,0.1985,0.24
"2026-10-01 05:15:00",183783,"NAN",0,0,15.65,100,100,1.780771,9.703954E-07,4.070133,1018.861,1018.707,0.087,0,0.007,0,19.28,18.93,18.67,"NAN","213IN-SITU AT200 204000",58.81731,19.08442,16703.24,18830.9,11.286,12.24009,1.006969,0.840358,59.86198,305.5457,326.0408,0,0,0,0,275.8778,293,0.4,0.04,0.2135,0.35
"2026-10-01 05:30:00",183784,"NAN",0,0,15.7,100,100,1.780771,9.703954E-07,4.070133,1018.861,1018.721,0.087,0,0.02,0,19.27,18.93,18.67,"NAN","213IN-SITU AT200 204000",59.22254,19.08547,16709.08,18837.06,11.29003,12.24409,1.006973,0.846525,59.83536,285.008,282.1121,0,0,0,0,267.5889,245,0.55,0.07,0.2851111,0.32
"2026-10-01 05:45:00",183785,"NAN",0,0,15.69,100,100,1.784664,9.723734E-07,4.07843,1018.861,1018.806,0.368,0.002,1.203,0,19.25,18.93,18.66,"NAN","213IN-SITU AT200 204000",59.68112,19.08653,16705.51,18832.6,11.28714,12.24119,1.006968,0.852107,59.86514,275.7996,204.8798,0.1568,0,0.001742222,0,256.5778,213,0.54,0.01,0.2474444,0.16
"2026-10-01 06:00:00",183786,"NAN",0,0,15.69,100,100,1.780772,0,4.070133,1018.861,1018.74,2.269,0.012,5.733,0,19.23,18.93,18.66,"NAN","213IN-SITU AT200 204000",60.1769,19.08687,16717.81,18846.33,11.29608,12.25011,1.006974,0.859612,59.82352,233.0205,233.851,0,0,0,0,254.4055,301,0.35,0.01,0.1837222,0.16
"2026-10-01 06:15:00",183787,"NAN",0,0,15.69,100,100,1.780771,9.703954E-07,4.070133,1018.861,1018.824,8.36,0.045,18.35,0,19.21,18.93,18.65,"NAN","213IN-SITU AT200 204000",60.89962,19.08731,16710.48,18837.89,11.29059,12.24463,1.006973,0.868912,59.83245,233.8524,233.851,0,0,0,0,261.9722,342,0.32,0.01,0.1243889,0.15
"2026-10-01 06:30:00",183788,"NAN",0,0,15.85,100,100,1.820035,0,4.152999,1019.025,1018.968,26.1,0.141,50.84,0,19.2,18.93,18.65,"NAN","213IN-SITU AT200 204000",61.6026,19.08748,16708.25,18835.31,11.28891,12.24295,1.006972,0.878698,59.83843,239.5253,239.5871,0,0,0,0,220.85,175,0.36,0.02,0.1775,0.1
"2026-10-01 06:45:00",183789,"NAN",0,0,16.18,100,100,1.85199,1.005919E-06,4.219131,1019.025,1019.08,46.87,0.253,91.6,0,19.19,18.94,18.66,"NAN","213IN-SITU AT200 204000",62.3043,19.08801,16715.33,18843.08,11.29397,12.248,1.006972,0.888482,59.83213,190.0974,179.9263,0,0,0,0,153.6333,135,0.58,0.09,0.2791111,0.19
"2026-10-01 07:00:00",183790,"NAN",0,0,16.42,100,100,1.876162,5.85165E-05,4.268452,1019.345,1019.187,55.33,0.299,112.5,0,19.16,18.94,18.65,"NAN","213IN-SITU AT200 204000",62.83105,19.08748,16709.21,18836.39,11.28962,12.24365,1.006974,0.898198,59.82341,244.8537,306.2627,0,0,0,0,255.9667,344,0.55,0.02,0.2188333,0.17
"2026-10-01 07:15:00",183791,"NAN",0,0,16.77,100.1,100,1.933573,0,4.382918,1019.481,1019.411,77.85,0.42,156.8,0,19.14,18.94,18.64,"NAN","213IN-SITU AT200 204000",63.17724,19.08775,16712.16,18839.6,11.29171,12.24574,1.006971,0.904595,59.84395,238.0851,176.8648,0.3332,0,0.03146889,0,211.6611,304,0.7,0.01,0.2909444,0.08
"2026-10-01 07:30:00",183792,"NAN",0,0,17.13,100,100,1.983565,0.0005981989,4.480407,1019.447,1019.446,96.9,0.523,194.6,0,19.12,18.94,18.64,"NAN","213IN-SITU AT200 204000",63.02783,19.08662,16707.66,18834.99,11.28869,12.24274,1.006974,0.903693,59.82194,191.6696,179.5635,0.2352,0,0.004246667,0,203.6667,189,0.53,0.01,0.1543889,0.24
"2026-10-01 07:45:00",183793,"NAN",0,0,17.58,100,100,2.026423,0.00074963,4.561736,1019.267,1019.452,135.1,0.729,266.7,0,19.11,18.95,18.65,"NAN","213IN-SITU AT200 204000",62.65338,19.08539,16706.47,18834.15,11.28813,12.2422,1.006972,0.898828,59.8362,167.9945,205.9351,0.5488,0,0.1123733,0.294,174.9222,176,0.8,0.01,0.3427778,0.24
"2026-10-01 08:00:00",183794,"NAN",0,0,18.07,100,100,2.08815,0.0007923345,4.675754,1019.264,1019.401,167.1,0.902,330.5,0,19.09,18.96,18.66,"NAN","213IN-SITU AT200 204000",62.3833,19.08408,16714.87,18844.14,11.29462,12.24869,1.006971,0.894999,59.85342,109.0191,141.371,0.4508,0,0.07785555,0,118.6,232,0.63,0.01,0.2847778,0.01
"2026-10-01 08:15:00",183795,"NAN",0,0,18.55,100,100,2.133272,0.0008097838,4.756974,1019.346,1019.497,194.8,1.052,382.8,0,19.09,18.98,18.67,"NAN","213IN-SITU AT200 204000",62.12944,19.08311,16707.33,18836.04,11.28933,12.24343,1.006974,0.891063,59.83575,85.24963,34.07226,0.9604,0,0.2123333,0.6272,172.2778,26,0.95,0.01,0.3740555,0.42
"2026-10-01 08:30:00",183796,"NAN",0,0,18.64,100.1,100,2.179625,0,4.837989,1019.427,1019.669,174.4,0.942,351.8,0,19.07,18.96,18.64,"NAN","213IN-SITU AT200 204000",61.85681,19.08223,16717.39,18847.74,11.29694,12.25103,1.00697,0.887092,59.86388,54.28236,1.064758,0.784,0,0.3309133,0,108.5722,338,0.9,0.05,0.454,0.28
"2026-10-01 08:45:00",183797,"NAN",0,0,19.13,100.1,100,2.255016,0,4.967165,1019.427,1019.659,288.3,1.557,572.6,0,19.06,18.98,18.66,"NAN","213IN-SITU AT200 204000",61.56399,19.08135,16702.7,18831.53,11.28637,12.24049,1.006973,0.882657,59.84603,133.0228,36.08078,1.1368,0,0.3408222,0.6468,124.3667,45,1.21,0.03,0.5135,0.87
"2026-10-01 09:00:00",183798,"NAN",0,0,20,100,100,2.44223,0,5.270131,1019.858,1019.799,507.2,2.739,964,0,19.05,19.03,18.71,"NAN","213IN-SITU AT200 204000",61.25075,19.08004,16709.45,18839.67,11.29166,12.24579,1.006971,0.878825,59.86114,126.7766,240.3898,1.372,0,0.6261111,0,144.1111,233,1.63,0.06,0.8065555,0.3
"2026-10-01 09:15:00",183799,"NAN",0,0,21.48,86,86,2.350013,0.7978813,5.697057,1019.752,1019.853,440.1,2.377,838,0,19,19.01,18.71,"NAN","213IN-SITU AT200 204000",61.01537,19.07934,16709.08,18839.54,11.29157,12.2457,1.006975,0.875771,59.83585,212.1098,221.8691,2.3912,0,0.7030955,0.6664,213.7667,199,2.98,0.02,0.8791666,0.61
"2026-10-01 09:30:00",183800,"NAN",0,0,23.15,81.4,81.4,2.307076,1.088322,5.837615,1019.729,1019.966,338.8,1.83,657,0,18.99,18.96,18.65,"NAN","213IN-SITU AT200 204000",60.76399,19.07864,16713.51,18844.82,11.295,12.24913,1.006976,0.871912,59.8338,179.0799,166.6728,1.8424,0,0.5082933,0.5684,172.5778,166,2.27,0.08,0.7144999,0.84
"2026-10-01 09:45:00",183801,"NAN",0,0,23.59,78.46,78.46,2.298677,1.284411,5.961686,1019.698,1019.897,344.3,1.859,668.4,0,18.98,18.95,18.62,"NAN","213IN-SITU AT200 204000",60.50683,19.07803,16703.68,18833.99,11.28793,12.24209,1.006977,0.867842,59.82731,177.9149,176.5576,2.744,0,0.5581644,0.4116,174.9222,166,3.05,0.07,0.7700555,0.09
"2026-10-01 10:00:00",183802,"NAN",0,0,23.92,76.37,76.37,2.302524,1.434086,6.070139,1019.519,1019.724,401.2,2.166,778.4,0,18.97,18.94,18.62,"NAN","213IN-SITU AT200 204000",60.28559,19.07786,16706.84,18837.61,11.29029,12.24445,1.006976,0.864384,59.83379,210.6071,296.8584,1.862,0,0.4606,0.2352,202.4889,96,1.84,0.01,0.6656666,0.28
"2026-10-01 10:15:00",183803,"NAN",0,0,24.64,73.78,73.78,2.349951,1.646053,6.278691,1019.425,1019.527,482.6,2.606,933,0,18.95,18.95,18.62,"NAN","213IN-SITU AT200 204000",60.09116,19.07714,16706.75,18837.8,11.29041,12.24457,1.006978,0.861583,59.8265,167.9837,65.17139,2.0188,0,0.4048489,0.9604,172.7778,56,2.15,0.02,0.6412222,1.09
"2026-10-01 10:30:00",183804,"NAN",0,0,25.16,74.19,74.19,2.485348,1.669978,6.470545,1019.334,1019.387,562.3,3.037,1077,0,18.92,18.95,18.64,"NAN","213IN-SITU AT200 204000",59.90574,19.07707,16701.35,18831.75,11.28646,12.24063,1.006976,0.858973,59.84027,172.6553,293.4355,1.7836,0,0.7529666,0.3332,209.5722,276,2.14,0.02,0.9386111,0.89
